 
00000000
00000000
00000000
00000000
00000000
00000000
00000000
00000000
!
00011000
00111100
00111100
00111100
00011000
00000000
00011000
00011000
"
01101100
00100100
01001000
00000000
00000000
00000000
00000000
00000000
$
00111100
00100100
00111100
00100000
01110000
00100000
01110000
00100000
&
00110000
01101000
01101000
00110010
01011010
11001100
01111010
00000000
'
01100000
01100000
00100000
01000000
00000000
00000000
00000000
00000000
(
00000110
00001000
00010000
00010000
00010000
00001000
00000110
00000000
)
11000000
00100000
00010000
00010000
00010000
00100000
11000000
00000000
*
00000000
00011000
00011000
01111110
00011000
01100110
00000000
00000000
+
00000000
00000000
00010000
00010000
01111100
00010000
00010000
00000000
,
00000000
00000000
00000000
00000000
00000000
01100000
00100000
01000000
-
00000000
00000000
00000000
00000000
01111110
00000000
00000000
00000000
.
00000000
00000000
00000000
00000000
00000000
00000110
00000110
00000000
/
00000001
00000010
00000100
00001000
00010000
00100000
01000000
00000000
0
00000000
00111000
01001100
11000110
11000110
01100100
00111000
00000000
1
00000000
00011000
00111000
00011000
00011000
00011000
01111110
00000000
2
00000000
01111100
11000110
00001110
01111000
11100000
11111110
00000000
3
00000000
01111110
00001100
00111000
00000110
11000110
01111100
00000000
4
00000000
00011100
00111100
01101100
11001100
11111110
00001100
00000000
5
00000000
11111110
11000000
11111110
00000110
11000110
01111100
00000000
6
00000000
01111100
11000000
11111100
11000110
11000110
01111100
00000000
7
00000000
11111110
11000110
00001100
00011000
00110000
00110000
00000000
8
00000000
01111100
11000110
01111100
11000110
11000110
01111100
00000000
9
00000000
01111100
11000110
11000110
01111110
00000110
01111100
00000000
:
00000000
00011000
00011000
00000000
00000000
00011000
00011000
00000000
;
00000000
00011000
00011000
00000000
00011000
00011000
00001000
00010000
<
00000010
00001100
00110000
01000000
00110000
00001100
00000010
00000000
=
00000000
00000000
00000000
01111100
00000000
01111100
00000000
00000000
>
01000000
00110000
00001100
00000010
00001100
00110000
01000000
00000000
?
01111110
11100111
11001110
00011000
00000000
00011000
00011000
00000000
@
01111100
10000010
10011110
10100010
10100010
10011110
01000000
00111100
A
00010000
00101000
00101000
01000100
01111100
10000010
10000010
00000000
B
11111000
10000100
10000100
11111100
10000010
10000010
11111100
00000000
C
00111100
01000010
10000000
10000000
10000000
01000010
00111100
00000000
D
11111000
10000100
10000010
10000010
10000010
10000100
11111000
00000000
E
11111110
10000000
10000000
11111100
10000000
10000000
11111110
00000000
F
11111110
10000000
10000000
11111100
10000000
10000000
10000000
00000000
G
00111100
01000010
10000000
10011110
10000010
01000010
00111100
00000000
H
10000010
10000010
10000010
11111110
10000010
10000010
10000010
00000000
I
01111100
00010000
00010000
00010000
00010000
00010000
01111100
00000000
J
01111110
00001000
00001000
10001000
10001000
10001000
01110000
00000000
K
10000100
10001000
10010000
10110000
11001000
10000100
10000010
00000000
L
10000000
10000000
10000000
10000000
10000000
10000000
11111110
00000000
M
10000010
11000110
10101010
10010010
10000010
10000010
10000010
00000000
N
10000010
11000010
10100010
10010010
10001010
10000110
10000010
00000000
O
00111000
01000100
10000010
10000010
10000010
01000100
00111000
00000000
P
11111100
10000010
10000010
11111100
10000000
10000000
10000000
00000000
Q
00111000
01000100
10000010
10000010
10000010
01000100
00111010
00000000
R
11111100
10000010
10000010
11111100
10001000
10000100
10000010
00000000
S
01111100
10000010
10000000
01111100
00000010
10000010
01111100
00000000
T
11111110
00010000
00010000
00010000
00010000
00010000
00010000
00000000
U
10000010
10000010
10000010
10000010
10000010
01000010
00111110
00000000
V
10000010
10000010
01000100
01000100
00101000
00101000
00010000
00000000
W
10000010
10000010
10010010
10101010
11000110
11000110
10000010
00000000
X
11000110
01000100
00101000
00010000
00101000
01000100
11000110
00000000
Y
10000010
01000100
00101000
00010000
00010000
00010000
00010000
00000000
Z
11111110
00000100
00001000
00010000
00100000
01000000
11111110
00000000
[
00011100
00010000
00010000
00010000
00010000
00010000
00011100
00000000
\
10000000
01000000
00100000
00010000
00001000
00000100
00000010
00000000
]
00111000
00001000
00001000
00001000
00001000
00001000
00111000
00000000
^
00010000
00101000
01000100
10000010
00000000
00000000
00000000
00000000
_
00000000
00000000
00000000
00000000
00000000
00000000
11111110
00000000
a
00000000
00000000
00111000
00000100
00111100
01000100
00111110
00000000
b
01000000
01000000
01000000
01111100
01000010
01000010
01111100
00000000
c
00000000
00000000
00111110
01000000
01000000
01000000
00111110
00000000
d
00000010
00000010
00000010
00111110
01000010
01000010
00111110
00000000
e
00000000
00000000
00111100
01000010
01111110
01000000
00111110
00000000
f
00001100
00010010
00010000
01111110
00010000
00010000
00010000
00000000
g
00000000
00000000
00111110
01000010
01000010
00111110
00000010
01111100
h
01000000
01000000
01000000
01111000
01000100
01000100
01000100
00000000
i
00000000
00010000
00000000
00010000
00010000
00010000
00010000
00000000
j
00000000
00001000
00000000
00001000
00001000
00001000
00110000
00000000
k
00000000
01000000
01000110
01011000
01100000
01011000
01000110
00000000
l
00000000
00010000
00010000
00010000
00010000
00010000
00010000
00000000
m
00000000
00000000
11101100
10010010
10010010
10010010
10010010
00000000
n
00000000
00000000
01111000
01000100
01000100
01000100
01000100
00000000
o
00000000
00000000
00111100
01000010
01000010
01000010
00111100
00000000
p
00000000
00000000
01111100
01000010
01000010
01111100
01000000
01000000
q
00000000
00000000
00111110
01000010
01000010
00111110
00000010
00000010
r
00000000
00000000
01001110
01010000
01100000
01000000
01000000
00000000
s
00000000
00000000
00111110
01000000
00111100
00000010
01111100
00000000
t
00000000
00010000
01111100
00010000
00010000
00010000
00001100
00000000
u
00000000
00000000
01000100
01000100
01000100
01000100
00111100
00000000
v
00000000
00000000
01000100
01000100
01000100
00101000
00010000
00000000
w
00000000
00000000
10000010
10010010
10010010
10101010
01000100
00000000
x
00000000
00000000
11000100
00101000
00010000
00101000
01000110
00000000
y
00000000
00000000
01000100
01000100
01000100
00111100
00000100
01111000
z
00000000
00000000
01111110
00000100
00011000
00100000
01111110
00000000
{
00000000
00001100
00010000
00010000
00100000
00010000
00010000
00001100
|
00010000
00010000
00010000
00010000
00010000
00010000
00010000
00000000
}
00000000
00110000
00001000
00001000
00000100
00001000
00001000
00110000
~
00000000
00110010
01001100
00000000
00000000
00000000
00000000
00000000
