edge_right
00010100
00010100
00010100
00010100
00010100
00010100
00010100
00010100
corner_up_right
00000000
00000000
00000000
11110000
00001000
11100100
11110100
00110100
edge_up
00000000
00000000
00000000
11111111
00000000
11111111
11111111
00000000
corner_up_left
00000000
00000000
00000000
00001111
00010000
00100111
00101111
00101100
edge_left
00101000
00101000
00101000
00101000
00101000
00101000
00101000
00101000
corner_down_left
00101000
00101000
00101000
00101000
00100111
00110000
00011111
00000111
edge_down
00000000
00000000
00000000
00000000
11111111
00000000
11111111
11111111
corner_down_right
00010100
00010100
00010100
00010100
11100100
00001100
11111000
11110000
arrow_right
00000000
01110000
01111000
01111100
01111110
01111100
01111000
01110000
arrow_down
00000000
11111110
11111110
11111110
01111100
00111000
00010000
00000000
