edge_right
00010100
00010100
00010100
00010100
00010100
00010100
00010100
00010100
corner_up_right
00000000
00000000
00001100
11010R10
001RRRR1
10100001
11010010
00101100
edge_up
00000000
00000000
00000000
11111111
00000000
11111111
11111111
00000000
corner_up_left
00000000
00000000
00011000
0010R101
01RRRR10
01000010
00100101
00011010
edge_left
00101000
00101000
00101000
00101000
00101000
00101000
00101000
00101000
corner_down_left
00101000
00101000
00110100
010R1011
1RRRR100
10000101
01001111
00110000
edge_down
00000000
00000000
00000000
11111111
00000000
11111111
11111111
00000000
corner_down_right
00010100
00010100
00101100
11010R10
001RRRR1
10100001
11110010
00001100
arrow_right
00000000
01110000
01111000
01111100
01111110
01111100
01111000
01110000
arrow_down
00000000
11111110
11111110
11111110
01111100
00111000
00010000
00000000
